0 0
0.01 4.89738e-05
0.02 9.79822e-05
0.03 0.000146909
0.04 0.000195956
0.05 0.000244802
0.06 0.00029391
0.07 0.000342615
0.08 0.000391828
0.09 0.000440296
0.1 0.000489688
0.11 0.000537774
0.12 0.000587457
0.13 0.000634962
0.14 0.000685093
0.15 0.000731759
0.16 0.000782541
0.17 0.00082807
0.18 0.000879742
0.19 0.000923815
0.2 0.000976629
0.21 0.00101896
0.22 0.00107314
0.23 0.00111352
0.24 0.00116924
0.25 0.00120761
0.26 0.0012649
0.27 0.00130136
0.28 0.00136012
0.29 0.00139501
0.3 0.00145495
0.31 0.00148877
0.32 0.00154946
0.33 0.00158286
0.34 0.00164375
0.35 0.00167741
0.36 0.00173793
0.37 0.00177251
0.38 0.00183212
0.39 0.00186813
0.4 0.00192642
0.41 0.0019642
0.42 0.0020209
0.43 0.00206059
0.44 0.00211561
0.45 0.00215715
0.46 0.00221056
0.47 0.00225378
0.48 0.00230575
0.49 0.00235038
0.5 0.00240115
0.51 0.00244688
0.52 0.00249672
0.53 0.00254327
0.54 0.00259244
0.55 0.00263955
0.56 0.00268825
0.57 0.00273573
0.58 0.00278414
0.59 0.00283185
0.6 0.00288006
0.61 0.0029279
0.62 0.002976
0.63 0.0030239
0.64 0.00307192
0.65 0.00311982
0.66 0.00316776
0.67 0.0032156
0.68 0.00326341
0.69 0.00331109
0.7 0.00335864
0.71 0.00340597
0.72 0.00345301
0.73 0.00349963
0.74 0.0035457
0.75 0.00359096
0.76 0.0036352
0.77 0.00367799
0.78 0.00371894
0.79 0.00375739
0.8 0.00379269
0.81 0.00382381
0.82 0.00384975
0.83 0.00386897
0.84 0.00387998
0.85 0.00388061
0.86 0.00386871
0.87 0.00384132
0.88 0.00379551
0.89 0.00372741
0.9 0.00363316
0.91 0.00350792
0.92 0.00334684
0.93 0.00314408
0.94 0.0028938
0.95 0.00258927
0.96 0.00222373
0.97 0.0017897
0.98 0.00127971
0.99 0.000685792
1 0
